215
19
114
421
112
277
34
152
439
490
347
207
142
350
291
37
245
17
114
376
111
136
353
423
433
489
224
161
291
54
417
449
498
141
186
451
198
124
494
145
100
230
292
254
293
304
115
233
247
277
394
212
307
461
199
168
488
413
434
388
314
488
340
239
80
445
64
28
353
381
370
277
479
16
283
485
137
33
312
31
473
167
441
129
217
172
95
169
286
306
79
170
388
88
229
28
308
61
216
388
380
17
492
12
217
56
433
195
156
429
285
402
160
405
439
388
105
146
437
112
23
355
186
88
361
351
286
205
369
319
254
360
202
146
174
427
496
228
171
452
132
346
210
185
86
397
280
494
349
310
281
260
130
107
60
227
82
222
107
296
54
390
281
490
450
447
62
418
474
486
19
309
212
450
63
254
72
63
228
167
456
121
96
400
134
109
418
465
283
83
62
132
489
378
325
413
407
336
195
461
10
154
407
185
415
379
424
71
316
180
211
277
172
204
379
495
344
131
479
204
361
294
111
468
135
388
191
350
54
346
378
379
404
262
112
275
142
182
405
223
471
245
172
294
427
253
213
164
171
111
201
207
202
35
136
212
484
54
387
485
231
42
183
351
368
344
112
271
87
273
452
425
82
419
75
144
158
156
488
198
418
386
348
460
457
456
76
307
444
302
253
123
114
179
66
157
52
211
411
327
204
142
