140
86
63,52
205
163
487,539
295
136
418
287
479
249
238
407,223
272,911
455,129
422
224,956
241,761
35,32
30
373
283
186
274
255,738
168,122
351
261
39,859
295
306
317
18
491,367
489,992
410
69
112
144,231
209,384
360
209,069
144
66,705
332
55,855
458,123
39,867
18
61
37,858
228
105
76,734
116,19
158,357
76,754
114,466
492,007
52,475
148,692
299
129,69
431
201,687
160
72
409,558
81
334
361
371
442,561
199
19,031
97,745
317
385
406,184
420,608
28
219
351
58,407
343,081
41
447,025
398
245,613
384
436,24
378,561
313
283,911
284,099
64,951
190,319
220,394
348,379
127
106
354,56
360,095
113,679
148
52
127,449
102,96
250
368,894
150
272
325,21
125
90,531
74,039
304,408
484,353
293
105,311
326,314
482
199
204
27,653
64,419
493
272
462
196,467
455
264
491,602
418,92
388
454,559
13,581
222,98
336
164,373
54
378
326,968
81,487
273,722
341
183
204
382
395
371,572
340
272
144,707
143
327,809
342
249
336,908
97
132,119
245
323,813
309
424
218
462,419
378,175
244,932
63
265
42
223
196
126,581
23
102
243
343
101
363
328,147
91,827
36,979
470,794
245,629
48
223
330,679
133
252,81
264
245,65
16,882
15
64
67,193
261
433,738
360,547
121
471,605
58,051
242,879
45,108
481,74
406,189
15
355
252,298
254,013
409,233
207,993
242
391
216,656
465,262
377
326
167
409,19
141
208,555
264,867
44,371
382,413
