140
86
63.52
205
163
487.539
295
136
418
287
hier
479
249
238
407.223
staan
272.911
455.129
422
vier
224.956
241.761
35.32
30
woorden
373
283
186
274
255.738
168.122
351
261
39.859
295
306
317
18
491.367
489.992
410
69
112
144.231
209.384
360
209.069
144
66.705
332
55.855
458.123
39.867
18
61
37.858
228
105
76.734
116.19
158.357
76.754
114.466
492.007
52.475
148.692
299
129.69
431
201.687
160
72
409.558
81
334
361
371
442.561
199
19.031
97.745
317
385
406.184
420.608
28
219
351
58.407
343.081
41
447.025
398
245.613
384
436.24
378.561
313
283.911
284.099
64.951
190.319
220.394
348.379
127
106
354.56
360.095
113.679
148
52
127.449
102.96
250
368.894
150
272
325.21
125
90.531
74.039
304.408
484.353
293
105.311
326.314
482
199
204
27.653
64.419
493
272
462
196.467
455
264
491.602
418.92
388
454.559
13.581
222.98
336
164.373
54
378
326.968
81.487
273.722
341
183
204
382
395
371.572
340
272
144.707
143
327.809
342
249
336.908
97
132.119
245
323.813
309
424
218
462.419
378.175
244.932
63
265
42
223
196
126.581
23
102
243
343
101
363
328.147
91.827
36.979
470.794
245.629
48
223
330.679
133
252.81
264
245.65
16.882
15
64
67.193
261
433.738
360.547
121
471.605
58.051
242.879
45.108
481.74
406.189
15
355
252.298
254.013
409.233
207.993
242
391
216.656
465.262
377
326
167
409.19
141
208.555
264.867
44.371
382.413
323
108.472
246.255
359.607
347.667
23
166
254.765
85
237
64.996
129.911
37
285.866
95.173
95
82.652
78
401.612
107
17
59.524
134.323
102
106.841
142.096
378.811
92.442
165
95.109
264
228
276
90
140.422
344.008
353
166.507
352
447
498
430.12
143
186.459
213.166
431
61
106.428
420
441
138
163
478.667
215.012
409.089
479.067
422.907
233.403
452
171.524
168.97
494
215.81
256
449.152
429.855
429.963
35
386
436.594
384.886
420.802
384
87.165
147
419.939
230
440.471
350
92.982
147.283
181
374
45
406
289
25.113
265.158
269
75.832
482
388
463.173
371.051
25
255
210
157.119
307.317
231
213.525
290
108
107
473.579
379
267
389
174
55.122
460
436.393
417.429
376
444.37
416.511
335.37
88.086
477.125
51.084
205.559
44.279
152
357
404
347.343
242.003
347.923
442.482
164
210.837
237
145
482.293
63
446
271.634
25.412
101
88
478.058
180
214
462.835
425.304
287
54
80.959
305
277.006
282.883
328.299
476.475
212
480.716
237
466
366.647
50.111
237
466
350
481
25
287
285.608
384
498.789
425
111.276
441.524
70
193
435.633
162
438.452
441.984
11
99
366.562
172.045
246.38
129
410
482.561
466.893
467
431
143
382
358.907
352.601
475
307.443
341
54.548
130
428
490
66.875
217.176
67
82
344.718
297
14
319.343
481.829
471.386
76.963
369.604
117
28.451
264.248
183.796
200
466.015
305
19.716
197
209
379.044
53
287.864
311.301
95.538
171.824
127.618
462.974
40.763
479.191
382
92.611
123.011
466
351
106
493
99.695
228
417
233.01
165.543
447
80.757
111
414.38
323
170.831
331
331
321.426
326
147
264
422
385
425.333
251
214.962
140.482
414.748
262.438
311.209
40
31
255.612
346
187
132
51
241.01
195.49
95
65
411.11
230
173
479
369.037
289.003
28
217
41.762
128
203
254
221.607
51.17
109
100.478
104.596
16.053
21
364.418
487
392.865
243
409
310
416.436
298
368
326
115.604
399
266.887
294
159.4
322
255
467.855
197.057
147
120
498.295
170
57
242.514
104
254
378
226
173
18.862
30.608
221
460
413.607
315
121.064
478.566
59.966
214
497.121
97
325.684
22
287
354.863
455
356.045
464
49.406
439
237.822
194
338.446
298.881
458.261
285
464.94
458.625
219.177
411.436
169
160
136
185.014
472.236
47.84
401
442
475
307
13.051
399.356
222.644
279
97
435.614
348
481.938
443
109
90.282
459.594
113.392
430.114
414.106
227
247
110.757
437.285
249
421.16
143.468
397.846
490
32
317.459
363
26.344
63.242
30.011
185
86.527
232
185.474
48
59
274
198
318
385.074
274.85
253
143
43.669
295
225
439.192
423.383
193.309
408.15
246.589
452.109
270
381.479
327
103
354
210.572
42.299
214.033
268
42
21.726
82
219.771
392
117.763
288
56.598
109
337.979
450.086
244
72.513
169
412
235.165
232
82
77.715
324
107
309
146
298
123
354.677
394
401
174.877
253
229.494
289
72.934
256.337
341.28
71.719
452
476.819
348.765
35.362
231.87
285.958
382.769
487
226
85.261
499.974
73
399.01
52.585
344
96.368
350
353
157
446.08
237.406
163.007
50
278
275.438
261.657
472
97
277.523
334.59
290
199
139.846
72.316
412.338
27
396
54
476
101.947
446
224
66
155
90
251.055
274
390
122
271
423
27.408
13
144
251.459
261.604
167
371.183
262
287
445
34.6
462
142.021
181.661
80
450
393
248
120.913
18.448
59.878
166
17
284
480.932
116.031
498.86
190
54.711
273
287.424
452.138
52
301.037
240
341
83.391
17
349.547
154
255.519
119.27
147.078
321
65.371
492
20.713
180
233.138
137.151
421.7
195
287
272.563
306.036
318.791
162
263
212
184.328
74.493
486
216
464.553
56.599
148.552
434.313
42.184
275
118.599
107.762
147.658
58.09
176.386
470
56.782
158
244.605
261
147
11
387.083
368
333
419.68
88
161
355.251
44.583
194.981
445.132
234
379.954
248.849
366
451.664
24.603
126.607
137.74
408
109.541
147
63.509
33
443.396
45
77.036
315.468
382.551
393
372
358
343.58
202
404
24
275.014
278.093
256
401.938
243
481
407
386
453.939
433.113
112.266
152
325.253
148.517
40.592
403
19.606
221
281
327
386.978
373.823
244
69
36.811
279
21.848
246.106
244
238.65
422
453.79
292.167
325
19.427
98.815
415.744
324.433
397
281
334
382
37
350.162
469
142
296
421
226.127
27.206
446.16
392
183
194
454.365
96.711
133.463
493.616
309
188.344
344.97
317.1
55.849
460.294
118
499.375
153.257
491
191
485
260
188
72
203.364
205.736
437.457
211.863
428.991
367.166
478.4
228.994
55
359.475
170.518
45
207
455
21.413
267
317.494
178.384
39
353.329
154.799
404.237
372
374.17
320.033
129.676
474
422
244
206.302
396
23
64.616
222.684
445.615
118
225.924
446.984
226.699
50
438.02
299.402
271
86.931
243.734
459.385
155
153.621
285
301.16
19
333
158
331.507
236.564
143.617
370.33
108
98.943
409
443
468.081
403
248
148.032
485
432
376.607
389.427
474.808
50
457
319
288.131
111.84
471
493
269.144
99.834
409
426.531
32.177
428
60.908
297
89
44
405.946
433
130
302.465
447
208
321.355
10
265.082
205.584
496
233.918
280.39
297
393
98
244.065
23
184.283
393
204.04
20.428
461
159
151
298
303
335.479
10.91
377.599
78.371
464
52.398
298.64
397.567
170
151
457.693
305.355
161.414
179
38.864
494
366.721
415.69
228
478
311
500
88
453
70.807
458
271
56
450
409
262.861
85.676
113.301
97.138
26
420
42
188.701
408
49
204.118
139.177
70
107.421
299.499
405
498
44.157
346.381
123
120.78
143
290
385
391.788
466
35.503
344
497.524
109
348
429.312
369.53
338
315.526
187
155.176
26
116.247
367.256
454
414
158.219
138
366.94
458.227
435.514
483
426.196
153
469.74
143
59
200
16
112.951
112.344
52
249
110.528
440
218.445
237.466
462.83
178.171
285.241
139
144.937
232.286
131.425
222
377
356.281
37
110.49
427
380.963
347
267
330.938
72.059
366.855
170.299
493
168
121
103.448
314
63
376.388
404
395
185
238.144
413.569
67.609
331.43
262.463
107
343
362.116
293
68.091
380
237.81
255.231
403
366
216.965
191
286.9
468.816
415.198
80.084
263.842
447.669
11.357
198
237.144
303.132
198
42.047
65
75.897
296.182
183.697
421.933
308.207
63.851
80
321.669
190.708
188.796
364
446
131.956
444.245
52
460
103.567
171.089
29
175.135
398
103
301
42.012
411
225.734
32.222
336.394
476
152
52.047
205.606
240
153
253.693
233.613
258.249
389.947
283
480.061
187.64
261
484
84.217
169.373
178.729
183.507
258.995
321
310
416
184
336.903
