899
154

63
154
689
33
395
337
64
259
387
863
748
425
114
230
583
223
756
298
394
456
57
31
632
32
358
460
461
357
775
612
873
894
758
876
441
279
895
634
300
326
85
721
754
892
410
415
879
124
782
296
606
196
393
457
729
522
323
169
364
817
663
604
784
834
610
878
898
875
459
579
783
30
240
847
803
777
696
551
832
700
269
242
871
426
94
327
352
848
671
668
896
213
140
874
442
183
554
168
443
846
271
366
58
788
849
639
897
354
870
381
805
211
861
720
383
607
294
329
458
496
525
325
440
251
661
492
553
268
893
872
462
336
642
785
468
308
891
637
239
725
728
141
552
666
384
718
195
267
877
786
664
297
691
746
